<?xml version="1.0" encoding="UTF-8" standalone="no"?>
<!DOCTYPE svg PUBLIC "-//W3C//DTD SVG 20010904//EN"
              "http://www.w3.org/TR/2001/REC-SVG-20010904/DTD/svg10.dtd">

<svg xmlns="http://www.w3.org/2000/svg"
     width="8.26667in" height="11.6889in"
     viewBox="0 0 744 1052">
  <path id="Imported Path"
        fill="none" stroke="black" stroke-width="1"
        d="M 117.79,325.06
           C 117.79,325.06 117.79,816.01 117.79,816.01
             117.79,867.65 159.66,909.51 211.31,909.51
             211.31,909.51 539.04,909.51 539.04,909.51
             590.68,909.51 632.55,867.65 632.55,816.01
             632.55,790.21 622.10,766.85 605.19,749.93
             605.19,749.93 480.92,625.57 480.92,625.57
             468.24,612.89 460.40,595.37 460.40,576.02
             460.40,556.69 468.23,539.18 480.89,526.50
             480.89,526.50 517.12,490.21 517.12,490.21
             559.34,447.92 585.45,389.54 585.45,325.06
             585.45,195.95 480.76,91.29 351.62,91.29
             222.48,91.29 117.79,195.95 117.79,325.06
             117.79,325.07 117.79,325.07 117.79,325.07
             117.79,325.07 117.79,325.06 117.79,325.06 Z
           M 3.00,-3.00
           C 3.00,-3.00 -3.00,3.00 -3.00,3.00M 0.00,-5.00
           C 0.00,-5.00 0.00,5.00 0.00,5.00M 4.00,0.00
           C 4.00,0.00 0.00,4.00 0.00,4.00M 6.00,2.00
           C 6.00,2.00 2.00,6.00 2.00,6.00M 8.00,4.00
           C 8.00,4.00 4.00,8.00 4.00,8.00M 3.00,-3.00
           C 3.00,-3.00 -3.00,3.00 -3.00,3.00M 0.00,-5.00
           C 0.00,-5.00 0.00,5.00 0.00,5.00M 4.00,0.00
           C 4.00,0.00 0.00,4.00 0.00,4.00M 6.00,2.00
           C 6.00,2.00 2.00,6.00 2.00,6.00M 8.00,4.00
           C 8.00,4.00 4.00,8.00 4.00,8.00M 4.00,0.00
           C 4.00,0.00 0.00,4.00 0.00,4.00M 6.00,2.00
           C 6.00,2.00 2.00,6.00 2.00,6.00M 8.00,4.00
           C 8.00,4.00 4.00,8.00 4.00,8.00M 3.00,-3.00
           C 3.00,-3.00 -3.00,3.00 -3.00,3.00M 0.00,-5.00
           C 0.00,-5.00 0.00,5.00 0.00,5.00" />
</svg>
