<?xml version="1.0" encoding="UTF-8" standalone="no"?>
<!DOCTYPE svg PUBLIC "-//W3C//DTD SVG 20010904//EN"
              "http://www.w3.org/TR/2001/REC-SVG-20010904/DTD/svg10.dtd">

<svg xmlns="http://www.w3.org/2000/svg"
     width="8.26667in" height="11.6889in"
     viewBox="0 0 744 1052">
  <path id="Imported Path"
        fill="none" stroke="black" stroke-width="1"
        d="M 174.01,334.52
           C 174.01,334.52 174.01,334.52 174.01,334.52
             174.01,231.23 257.76,147.49 361.08,147.49
             464.39,147.49 548.15,231.23 548.15,334.52
             548.15,386.10 527.26,432.81 493.48,466.64
             493.48,466.64 457.26,502.93 457.26,502.93
             436.15,524.07 423.10,553.25 423.10,585.48
             423.10,617.73 436.17,646.92 457.30,668.07
             457.30,668.07 581.57,792.43 581.57,792.43
             590.02,800.89 595.25,812.57 595.25,825.47
             595.25,851.29 574.32,872.22 548.50,872.22
             548.50,872.22 220.77,872.22 220.77,872.22
             194.94,872.22 174.01,851.29 174.01,825.47
             174.01,825.47 174.01,334.52 174.01,334.52
             174.01,334.52 174.01,334.52 174.01,334.52 Z
           M 460.24,433.77
           C 485.66,408.38 501.39,373.29 501.39,334.52
             501.39,257.04 438.57,194.24 361.08,194.24
             283.59,194.24 220.77,257.04 220.77,334.52
             220.77,334.52 220.77,334.52 220.77,334.52M 424.28,469.68
           C 394.62,499.30 376.27,540.25 376.27,585.48
             376.27,630.67 394.59,671.59 424.21,701.21M 460.24,433.77
           C 460.24,433.77 424.28,469.68 424.28,469.68M 424.22,701.21
           C 424.22,701.21 548.49,825.47 548.49,825.47M 548.49,825.47
           C 548.49,825.47 220.77,825.47 220.77,825.47M 220.77,825.47
           C 220.77,825.47 220.77,334.52 220.77,334.52M 127.25,334.52
           C 127.25,334.52 127.25,825.47 127.25,825.47
             127.25,877.11 169.12,918.96 220.77,918.96
             220.77,918.96 220.77,918.96 220.77,918.96
             220.77,918.96 548.49,918.96 548.49,918.96
             600.14,918.96 642.01,877.10 642.01,825.47
             642.01,799.66 631.55,776.30 614.65,759.39
             614.65,759.39 490.37,635.03 490.37,635.03
             477.70,622.34 469.86,604.82 469.86,585.48
             469.86,566.14 477.69,548.64 490.35,535.96
             490.35,535.96 526.58,499.67 526.58,499.67
             568.80,457.37 594.91,398.99 594.91,334.52
             594.91,205.41 490.22,100.74 361.08,100.74
             231.94,100.74 127.25,205.41 127.25,334.52
             127.25,334.52 127.25,334.52 127.25,334.53
             127.25,334.53 127.25,334.52 127.25,334.52 Z
           M 3.00,-3.00
           C 3.00,-3.00 -3.00,3.00 -3.00,3.00M 0.00,-5.00
           C 0.00,-5.00 0.00,5.00 0.00,5.00M 4.00,0.00
           C 4.00,0.00 0.00,4.00 0.00,4.00M 6.00,2.00
           C 6.00,2.00 2.00,6.00 2.00,6.00M 8.00,4.00
           C 8.00,4.00 4.00,8.00 4.00,8.00M 3.00,-3.00
           C 3.00,-3.00 -3.00,3.00 -3.00,3.00M 0.00,-5.00
           C 0.00,-5.00 0.00,5.00 0.00,5.00M 4.00,0.00
           C 4.00,0.00 0.00,4.00 0.00,4.00M 6.00,2.00
           C 6.00,2.00 2.00,6.00 2.00,6.00M 8.00,4.00
           C 8.00,4.00 4.00,8.00 4.00,8.00M 4.00,0.00
           C 4.00,0.00 0.00,4.00 0.00,4.00M 6.00,2.00
           C 6.00,2.00 2.00,6.00 2.00,6.00M 8.00,4.00
           C 8.00,4.00 4.00,8.00 4.00,8.00M 3.00,-3.00
           C 3.00,-3.00 -3.00,3.00 -3.00,3.00M 0.00,-5.00
           C 0.00,-5.00 0.00,5.00 0.00,5.00" />
</svg>
